33,97
33,96
33,2
33,0
37,35
14,5
33,4
33,76
33,75
33,74
33,73
33,72
33,71
33,70
33,69
33,68
33,67
33,66
33,65
33,64
33,37
33,36
33,35
33,34
33,33
33,32
33,31
33,30
33,29
33,28
33,27
33,26
33,25
33,24
33,23
33,22
33,21
33,20
33,19
33,18
33,17
33,16
33,15
33,14
33,13
33,12
33,9
33,8
33,7
33,6
33,11
33,10
33,5
33,3
10,69
10,95
10,105
10,83
10,109
10,27
10,81
10,267
11,18
11,14
11,27
11,17
11,8
11,11
9,5
8,7
8,10
8,15
8,5
0,318
35,8
35,7
35,6
35,5
35,4
35,3
35,2
35,1
35,0
34,5
34,4
34,3
34,2
34,1
34,0
33,95
33,1
33,94
33,93
33,92
33,91
33,90
33,89
33,88
33,87
33,86
33,85
33,84
33,83
33,82
33,81
33,80
33,79
33,78
33,77
32,1
32,3
31,6
31,3
